{
 "cells": [
  {
   "cell_type": "markdown",
   "metadata": {},
   "source": [
    "# Tennis points won\n",
    "\n",
    "In the `tennis.csv` files of games played by Federer.\n",
    "\n",
    "Does Federer score more total points than his opponent on average in a game?"
   ]
  },
  {
   "cell_type": "code",
   "execution_count": 12,
   "metadata": {},
   "outputs": [],
   "source": [
    "import pandas as pd\n",
    "\n",
    "df = pd.read_csv('data/tennis.csv')"
   ]
  },
  {
   "cell_type": "code",
   "execution_count": 13,
   "metadata": {},
   "outputs": [
    {
     "name": "stdout",
     "output_type": "stream",
     "text": [
      "Federer scores 86.86952288218112 points on average, while his opponents score 73.91723466407011\n"
     ]
    }
   ],
   "source": [
    "federer_points = df['player1 total points won'].mean()\n",
    "opponent_points = df['player2 total points won'].mean()\n",
    "\n",
    "print(\"Federer scores \" + str(federer_points) + \" points on average, while his opponents score \" + str(opponent_points))"
   ]
  },
  {
   "cell_type": "markdown",
   "metadata": {},
   "source": [
    "# 2. College correlations\n",
    "\n",
    "The `college.csv` filecontains a number of variables for 777 different universities and colleges in the US.\n",
    "\n",
    "### 2.1\n",
    "\n",
    "Use a scatterplot matrix to analyze the data and answer the following questions:\n",
    "\n",
    "1. Which columns are possibly from a normal distribution? Statistically test if this is the case (you'll find a function for it in `scipy.stats`). For each explain if it is or not normally distributed.\n",
    "\n",
    "2. Of the columns that aren't normally distributed, name which distribution could possibly fit them? (Use your research skills)\n",
    "\n",
    "3. Give 3 pairs of columns that are highly correlated? Give their correlation coefficients.\n",
    "\n",
    "4. Give 3 column pairs that are not correlated? Give their correlation coefficients."
   ]
  },
  {
   "cell_type": "code",
   "execution_count": 15,
   "metadata": {},
   "outputs": [
    {
     "data": {
      "text/html": [
       "<div>\n",
       "<style scoped>\n",
       "    .dataframe tbody tr th:only-of-type {\n",
       "        vertical-align: middle;\n",
       "    }\n",
       "\n",
       "    .dataframe tbody tr th {\n",
       "        vertical-align: top;\n",
       "    }\n",
       "\n",
       "    .dataframe thead th {\n",
       "        text-align: right;\n",
       "    }\n",
       "</style>\n",
       "<table border=\"1\" class=\"dataframe\">\n",
       "  <thead>\n",
       "    <tr style=\"text-align: right;\">\n",
       "      <th></th>\n",
       "      <th>Unnamed: 0</th>\n",
       "      <th>Private</th>\n",
       "      <th>Apps</th>\n",
       "      <th>Accept</th>\n",
       "      <th>Enroll</th>\n",
       "      <th>Top10perc</th>\n",
       "      <th>Top25perc</th>\n",
       "      <th>F.Undergrad</th>\n",
       "      <th>P.Undergrad</th>\n",
       "      <th>Outstate</th>\n",
       "      <th>Room.Board</th>\n",
       "      <th>Books</th>\n",
       "      <th>Personal</th>\n",
       "      <th>PhD</th>\n",
       "      <th>Terminal</th>\n",
       "      <th>S.F.Ratio</th>\n",
       "      <th>perc.alumni</th>\n",
       "      <th>Expend</th>\n",
       "      <th>Grad.Rate</th>\n",
       "    </tr>\n",
       "  </thead>\n",
       "  <tbody>\n",
       "    <tr>\n",
       "      <th>0</th>\n",
       "      <td>Abilene Christian University</td>\n",
       "      <td>Yes</td>\n",
       "      <td>1660</td>\n",
       "      <td>1232</td>\n",
       "      <td>721</td>\n",
       "      <td>23</td>\n",
       "      <td>52</td>\n",
       "      <td>2885</td>\n",
       "      <td>537</td>\n",
       "      <td>7440</td>\n",
       "      <td>3300</td>\n",
       "      <td>450</td>\n",
       "      <td>2200</td>\n",
       "      <td>70</td>\n",
       "      <td>78</td>\n",
       "      <td>18.1</td>\n",
       "      <td>12</td>\n",
       "      <td>7041</td>\n",
       "      <td>60</td>\n",
       "    </tr>\n",
       "    <tr>\n",
       "      <th>1</th>\n",
       "      <td>Adelphi University</td>\n",
       "      <td>Yes</td>\n",
       "      <td>2186</td>\n",
       "      <td>1924</td>\n",
       "      <td>512</td>\n",
       "      <td>16</td>\n",
       "      <td>29</td>\n",
       "      <td>2683</td>\n",
       "      <td>1227</td>\n",
       "      <td>12280</td>\n",
       "      <td>6450</td>\n",
       "      <td>750</td>\n",
       "      <td>1500</td>\n",
       "      <td>29</td>\n",
       "      <td>30</td>\n",
       "      <td>12.2</td>\n",
       "      <td>16</td>\n",
       "      <td>10527</td>\n",
       "      <td>56</td>\n",
       "    </tr>\n",
       "    <tr>\n",
       "      <th>2</th>\n",
       "      <td>Adrian College</td>\n",
       "      <td>Yes</td>\n",
       "      <td>1428</td>\n",
       "      <td>1097</td>\n",
       "      <td>336</td>\n",
       "      <td>22</td>\n",
       "      <td>50</td>\n",
       "      <td>1036</td>\n",
       "      <td>99</td>\n",
       "      <td>11250</td>\n",
       "      <td>3750</td>\n",
       "      <td>400</td>\n",
       "      <td>1165</td>\n",
       "      <td>53</td>\n",
       "      <td>66</td>\n",
       "      <td>12.9</td>\n",
       "      <td>30</td>\n",
       "      <td>8735</td>\n",
       "      <td>54</td>\n",
       "    </tr>\n",
       "    <tr>\n",
       "      <th>3</th>\n",
       "      <td>Agnes Scott College</td>\n",
       "      <td>Yes</td>\n",
       "      <td>417</td>\n",
       "      <td>349</td>\n",
       "      <td>137</td>\n",
       "      <td>60</td>\n",
       "      <td>89</td>\n",
       "      <td>510</td>\n",
       "      <td>63</td>\n",
       "      <td>12960</td>\n",
       "      <td>5450</td>\n",
       "      <td>450</td>\n",
       "      <td>875</td>\n",
       "      <td>92</td>\n",
       "      <td>97</td>\n",
       "      <td>7.7</td>\n",
       "      <td>37</td>\n",
       "      <td>19016</td>\n",
       "      <td>59</td>\n",
       "    </tr>\n",
       "    <tr>\n",
       "      <th>4</th>\n",
       "      <td>Alaska Pacific University</td>\n",
       "      <td>Yes</td>\n",
       "      <td>193</td>\n",
       "      <td>146</td>\n",
       "      <td>55</td>\n",
       "      <td>16</td>\n",
       "      <td>44</td>\n",
       "      <td>249</td>\n",
       "      <td>869</td>\n",
       "      <td>7560</td>\n",
       "      <td>4120</td>\n",
       "      <td>800</td>\n",
       "      <td>1500</td>\n",
       "      <td>76</td>\n",
       "      <td>72</td>\n",
       "      <td>11.9</td>\n",
       "      <td>2</td>\n",
       "      <td>10922</td>\n",
       "      <td>15</td>\n",
       "    </tr>\n",
       "    <tr>\n",
       "      <th>...</th>\n",
       "      <td>...</td>\n",
       "      <td>...</td>\n",
       "      <td>...</td>\n",
       "      <td>...</td>\n",
       "      <td>...</td>\n",
       "      <td>...</td>\n",
       "      <td>...</td>\n",
       "      <td>...</td>\n",
       "      <td>...</td>\n",
       "      <td>...</td>\n",
       "      <td>...</td>\n",
       "      <td>...</td>\n",
       "      <td>...</td>\n",
       "      <td>...</td>\n",
       "      <td>...</td>\n",
       "      <td>...</td>\n",
       "      <td>...</td>\n",
       "      <td>...</td>\n",
       "      <td>...</td>\n",
       "    </tr>\n",
       "    <tr>\n",
       "      <th>772</th>\n",
       "      <td>Worcester State College</td>\n",
       "      <td>No</td>\n",
       "      <td>2197</td>\n",
       "      <td>1515</td>\n",
       "      <td>543</td>\n",
       "      <td>4</td>\n",
       "      <td>26</td>\n",
       "      <td>3089</td>\n",
       "      <td>2029</td>\n",
       "      <td>6797</td>\n",
       "      <td>3900</td>\n",
       "      <td>500</td>\n",
       "      <td>1200</td>\n",
       "      <td>60</td>\n",
       "      <td>60</td>\n",
       "      <td>21.0</td>\n",
       "      <td>14</td>\n",
       "      <td>4469</td>\n",
       "      <td>40</td>\n",
       "    </tr>\n",
       "    <tr>\n",
       "      <th>773</th>\n",
       "      <td>Xavier University</td>\n",
       "      <td>Yes</td>\n",
       "      <td>1959</td>\n",
       "      <td>1805</td>\n",
       "      <td>695</td>\n",
       "      <td>24</td>\n",
       "      <td>47</td>\n",
       "      <td>2849</td>\n",
       "      <td>1107</td>\n",
       "      <td>11520</td>\n",
       "      <td>4960</td>\n",
       "      <td>600</td>\n",
       "      <td>1250</td>\n",
       "      <td>73</td>\n",
       "      <td>75</td>\n",
       "      <td>13.3</td>\n",
       "      <td>31</td>\n",
       "      <td>9189</td>\n",
       "      <td>83</td>\n",
       "    </tr>\n",
       "    <tr>\n",
       "      <th>774</th>\n",
       "      <td>Xavier University of Louisiana</td>\n",
       "      <td>Yes</td>\n",
       "      <td>2097</td>\n",
       "      <td>1915</td>\n",
       "      <td>695</td>\n",
       "      <td>34</td>\n",
       "      <td>61</td>\n",
       "      <td>2793</td>\n",
       "      <td>166</td>\n",
       "      <td>6900</td>\n",
       "      <td>4200</td>\n",
       "      <td>617</td>\n",
       "      <td>781</td>\n",
       "      <td>67</td>\n",
       "      <td>75</td>\n",
       "      <td>14.4</td>\n",
       "      <td>20</td>\n",
       "      <td>8323</td>\n",
       "      <td>49</td>\n",
       "    </tr>\n",
       "    <tr>\n",
       "      <th>775</th>\n",
       "      <td>Yale University</td>\n",
       "      <td>Yes</td>\n",
       "      <td>10705</td>\n",
       "      <td>2453</td>\n",
       "      <td>1317</td>\n",
       "      <td>95</td>\n",
       "      <td>99</td>\n",
       "      <td>5217</td>\n",
       "      <td>83</td>\n",
       "      <td>19840</td>\n",
       "      <td>6510</td>\n",
       "      <td>630</td>\n",
       "      <td>2115</td>\n",
       "      <td>96</td>\n",
       "      <td>96</td>\n",
       "      <td>5.8</td>\n",
       "      <td>49</td>\n",
       "      <td>40386</td>\n",
       "      <td>99</td>\n",
       "    </tr>\n",
       "    <tr>\n",
       "      <th>776</th>\n",
       "      <td>York College of Pennsylvania</td>\n",
       "      <td>Yes</td>\n",
       "      <td>2989</td>\n",
       "      <td>1855</td>\n",
       "      <td>691</td>\n",
       "      <td>28</td>\n",
       "      <td>63</td>\n",
       "      <td>2988</td>\n",
       "      <td>1726</td>\n",
       "      <td>4990</td>\n",
       "      <td>3560</td>\n",
       "      <td>500</td>\n",
       "      <td>1250</td>\n",
       "      <td>75</td>\n",
       "      <td>75</td>\n",
       "      <td>18.1</td>\n",
       "      <td>28</td>\n",
       "      <td>4509</td>\n",
       "      <td>99</td>\n",
       "    </tr>\n",
       "  </tbody>\n",
       "</table>\n",
       "<p>777 rows × 19 columns</p>\n",
       "</div>"
      ],
      "text/plain": [
       "                         Unnamed: 0 Private   Apps  Accept  Enroll  Top10perc  \\\n",
       "0      Abilene Christian University     Yes   1660    1232     721         23   \n",
       "1                Adelphi University     Yes   2186    1924     512         16   \n",
       "2                    Adrian College     Yes   1428    1097     336         22   \n",
       "3               Agnes Scott College     Yes    417     349     137         60   \n",
       "4         Alaska Pacific University     Yes    193     146      55         16   \n",
       "..                              ...     ...    ...     ...     ...        ...   \n",
       "772         Worcester State College      No   2197    1515     543          4   \n",
       "773               Xavier University     Yes   1959    1805     695         24   \n",
       "774  Xavier University of Louisiana     Yes   2097    1915     695         34   \n",
       "775                 Yale University     Yes  10705    2453    1317         95   \n",
       "776    York College of Pennsylvania     Yes   2989    1855     691         28   \n",
       "\n",
       "     Top25perc  F.Undergrad  P.Undergrad  Outstate  Room.Board  Books  \\\n",
       "0           52         2885          537      7440        3300    450   \n",
       "1           29         2683         1227     12280        6450    750   \n",
       "2           50         1036           99     11250        3750    400   \n",
       "3           89          510           63     12960        5450    450   \n",
       "4           44          249          869      7560        4120    800   \n",
       "..         ...          ...          ...       ...         ...    ...   \n",
       "772         26         3089         2029      6797        3900    500   \n",
       "773         47         2849         1107     11520        4960    600   \n",
       "774         61         2793          166      6900        4200    617   \n",
       "775         99         5217           83     19840        6510    630   \n",
       "776         63         2988         1726      4990        3560    500   \n",
       "\n",
       "     Personal  PhD  Terminal  S.F.Ratio  perc.alumni  Expend  Grad.Rate  \n",
       "0        2200   70        78       18.1           12    7041         60  \n",
       "1        1500   29        30       12.2           16   10527         56  \n",
       "2        1165   53        66       12.9           30    8735         54  \n",
       "3         875   92        97        7.7           37   19016         59  \n",
       "4        1500   76        72       11.9            2   10922         15  \n",
       "..        ...  ...       ...        ...          ...     ...        ...  \n",
       "772      1200   60        60       21.0           14    4469         40  \n",
       "773      1250   73        75       13.3           31    9189         83  \n",
       "774       781   67        75       14.4           20    8323         49  \n",
       "775      2115   96        96        5.8           49   40386         99  \n",
       "776      1250   75        75       18.1           28    4509         99  \n",
       "\n",
       "[777 rows x 19 columns]"
      ]
     },
     "execution_count": 15,
     "metadata": {},
     "output_type": "execute_result"
    }
   ],
   "source": [
    "df = pd.read_csv('data/college.csv')\n",
    "df"
   ]
  },
  {
   "cell_type": "code",
   "execution_count": 18,
   "metadata": {},
   "outputs": [
    {
     "name": "stdout",
     "output_type": "stream",
     "text": [
      "The null hypothesis can be rejected\n",
      "The null hypothesis can be rejected\n",
      "The null hypothesis can be rejected\n",
      "The null hypothesis can be rejected\n",
      "The null hypothesis can be rejected\n",
      "The null hypothesis can be rejected\n",
      "The null hypothesis can be rejected\n",
      "The null hypothesis can be rejected\n",
      "The null hypothesis can be rejected\n",
      "The null hypothesis can be rejected\n",
      "The null hypothesis can be rejected\n",
      "The null hypothesis can be rejected\n",
      "The null hypothesis can be rejected\n",
      "The null hypothesis can be rejected\n",
      "The null hypothesis can be rejected\n",
      "The null hypothesis can be rejected\n",
      "The null hypothesis cannot be rejected\n"
     ]
    }
   ],
   "source": [
    "#2.1) Which columns are possibly from a normal distribution? Statistically test if this is the case (you'll find a function for it in scipy.stats). For each explain if it is or not normally distributed\n",
    "\n",
    "#using info from https://docs.scipy.org/doc/scipy/reference/generated/scipy.stats.normaltest.html\n",
    "from scipy import stats\n",
    "\n",
    "alpha = 1e-3 #taken from the link above\n",
    "for column in df.columns[2:]:\n",
    "    k2, p = stats.normaltest(df[column])\n",
    "    if p < alpha:  # null hypothesis: x comes from a normal distribution\n",
    "        print(\"The null hypothesis can be rejected\")\n",
    "    else:\n",
    "        print(\"The null hypothesis cannot be rejected\")"
   ]
  },
  {
   "cell_type": "markdown",
   "metadata": {},
   "source": [
    "Therefore it can be seen that Grad Rate is the only column that is normally distributed"
   ]
  },
  {
   "cell_type": "markdown",
   "metadata": {},
   "source": [
    "2.2) Of the columns that aren't normally distributed, name which distribution could possibly fit them?\n",
    "\n",
    "The grad rate column is a continuous variable and so it can be normally distributed. Since the other columns are discrete variables, a Poisson distribution can possibly fit them"
   ]
  },
  {
   "cell_type": "code",
   "execution_count": 20,
   "metadata": {},
   "outputs": [
    {
     "data": {
      "text/html": [
       "<div>\n",
       "<style scoped>\n",
       "    .dataframe tbody tr th:only-of-type {\n",
       "        vertical-align: middle;\n",
       "    }\n",
       "\n",
       "    .dataframe tbody tr th {\n",
       "        vertical-align: top;\n",
       "    }\n",
       "\n",
       "    .dataframe thead th {\n",
       "        text-align: right;\n",
       "    }\n",
       "</style>\n",
       "<table border=\"1\" class=\"dataframe\">\n",
       "  <thead>\n",
       "    <tr style=\"text-align: right;\">\n",
       "      <th></th>\n",
       "      <th>Apps</th>\n",
       "      <th>Accept</th>\n",
       "      <th>Enroll</th>\n",
       "      <th>Top10perc</th>\n",
       "      <th>Top25perc</th>\n",
       "      <th>F.Undergrad</th>\n",
       "      <th>P.Undergrad</th>\n",
       "      <th>Outstate</th>\n",
       "      <th>Room.Board</th>\n",
       "      <th>Books</th>\n",
       "      <th>Personal</th>\n",
       "      <th>PhD</th>\n",
       "      <th>Terminal</th>\n",
       "      <th>S.F.Ratio</th>\n",
       "      <th>perc.alumni</th>\n",
       "      <th>Expend</th>\n",
       "      <th>Grad.Rate</th>\n",
       "    </tr>\n",
       "  </thead>\n",
       "  <tbody>\n",
       "    <tr>\n",
       "      <th>Apps</th>\n",
       "      <td>1.000000</td>\n",
       "      <td>0.943451</td>\n",
       "      <td>0.846822</td>\n",
       "      <td>0.338834</td>\n",
       "      <td>0.351640</td>\n",
       "      <td>0.814491</td>\n",
       "      <td>0.398264</td>\n",
       "      <td>0.050159</td>\n",
       "      <td>0.164939</td>\n",
       "      <td>0.132559</td>\n",
       "      <td>0.178731</td>\n",
       "      <td>0.390697</td>\n",
       "      <td>0.369491</td>\n",
       "      <td>0.095633</td>\n",
       "      <td>-0.090226</td>\n",
       "      <td>0.259592</td>\n",
       "      <td>0.146755</td>\n",
       "    </tr>\n",
       "    <tr>\n",
       "      <th>Accept</th>\n",
       "      <td>0.943451</td>\n",
       "      <td>1.000000</td>\n",
       "      <td>0.911637</td>\n",
       "      <td>0.192447</td>\n",
       "      <td>0.247476</td>\n",
       "      <td>0.874223</td>\n",
       "      <td>0.441271</td>\n",
       "      <td>-0.025755</td>\n",
       "      <td>0.090899</td>\n",
       "      <td>0.113525</td>\n",
       "      <td>0.200989</td>\n",
       "      <td>0.355758</td>\n",
       "      <td>0.337583</td>\n",
       "      <td>0.176229</td>\n",
       "      <td>-0.159990</td>\n",
       "      <td>0.124717</td>\n",
       "      <td>0.067313</td>\n",
       "    </tr>\n",
       "    <tr>\n",
       "      <th>Enroll</th>\n",
       "      <td>0.846822</td>\n",
       "      <td>0.911637</td>\n",
       "      <td>1.000000</td>\n",
       "      <td>0.181294</td>\n",
       "      <td>0.226745</td>\n",
       "      <td>0.964640</td>\n",
       "      <td>0.513069</td>\n",
       "      <td>-0.155477</td>\n",
       "      <td>-0.040232</td>\n",
       "      <td>0.112711</td>\n",
       "      <td>0.280929</td>\n",
       "      <td>0.331469</td>\n",
       "      <td>0.308274</td>\n",
       "      <td>0.237271</td>\n",
       "      <td>-0.180794</td>\n",
       "      <td>0.064169</td>\n",
       "      <td>-0.022341</td>\n",
       "    </tr>\n",
       "    <tr>\n",
       "      <th>Top10perc</th>\n",
       "      <td>0.338834</td>\n",
       "      <td>0.192447</td>\n",
       "      <td>0.181294</td>\n",
       "      <td>1.000000</td>\n",
       "      <td>0.891995</td>\n",
       "      <td>0.141289</td>\n",
       "      <td>-0.105356</td>\n",
       "      <td>0.562331</td>\n",
       "      <td>0.371480</td>\n",
       "      <td>0.118858</td>\n",
       "      <td>-0.093316</td>\n",
       "      <td>0.531828</td>\n",
       "      <td>0.491135</td>\n",
       "      <td>-0.384875</td>\n",
       "      <td>0.455485</td>\n",
       "      <td>0.660913</td>\n",
       "      <td>0.494989</td>\n",
       "    </tr>\n",
       "    <tr>\n",
       "      <th>Top25perc</th>\n",
       "      <td>0.351640</td>\n",
       "      <td>0.247476</td>\n",
       "      <td>0.226745</td>\n",
       "      <td>0.891995</td>\n",
       "      <td>1.000000</td>\n",
       "      <td>0.199445</td>\n",
       "      <td>-0.053577</td>\n",
       "      <td>0.489394</td>\n",
       "      <td>0.331490</td>\n",
       "      <td>0.115527</td>\n",
       "      <td>-0.080810</td>\n",
       "      <td>0.545862</td>\n",
       "      <td>0.524749</td>\n",
       "      <td>-0.294629</td>\n",
       "      <td>0.417864</td>\n",
       "      <td>0.527447</td>\n",
       "      <td>0.477281</td>\n",
       "    </tr>\n",
       "    <tr>\n",
       "      <th>F.Undergrad</th>\n",
       "      <td>0.814491</td>\n",
       "      <td>0.874223</td>\n",
       "      <td>0.964640</td>\n",
       "      <td>0.141289</td>\n",
       "      <td>0.199445</td>\n",
       "      <td>1.000000</td>\n",
       "      <td>0.570512</td>\n",
       "      <td>-0.215742</td>\n",
       "      <td>-0.068890</td>\n",
       "      <td>0.115550</td>\n",
       "      <td>0.317200</td>\n",
       "      <td>0.318337</td>\n",
       "      <td>0.300019</td>\n",
       "      <td>0.279703</td>\n",
       "      <td>-0.229462</td>\n",
       "      <td>0.018652</td>\n",
       "      <td>-0.078773</td>\n",
       "    </tr>\n",
       "    <tr>\n",
       "      <th>P.Undergrad</th>\n",
       "      <td>0.398264</td>\n",
       "      <td>0.441271</td>\n",
       "      <td>0.513069</td>\n",
       "      <td>-0.105356</td>\n",
       "      <td>-0.053577</td>\n",
       "      <td>0.570512</td>\n",
       "      <td>1.000000</td>\n",
       "      <td>-0.253512</td>\n",
       "      <td>-0.061326</td>\n",
       "      <td>0.081200</td>\n",
       "      <td>0.319882</td>\n",
       "      <td>0.149114</td>\n",
       "      <td>0.141904</td>\n",
       "      <td>0.232531</td>\n",
       "      <td>-0.280792</td>\n",
       "      <td>-0.083568</td>\n",
       "      <td>-0.257001</td>\n",
       "    </tr>\n",
       "    <tr>\n",
       "      <th>Outstate</th>\n",
       "      <td>0.050159</td>\n",
       "      <td>-0.025755</td>\n",
       "      <td>-0.155477</td>\n",
       "      <td>0.562331</td>\n",
       "      <td>0.489394</td>\n",
       "      <td>-0.215742</td>\n",
       "      <td>-0.253512</td>\n",
       "      <td>1.000000</td>\n",
       "      <td>0.654256</td>\n",
       "      <td>0.038855</td>\n",
       "      <td>-0.299087</td>\n",
       "      <td>0.382982</td>\n",
       "      <td>0.407983</td>\n",
       "      <td>-0.554821</td>\n",
       "      <td>0.566262</td>\n",
       "      <td>0.672779</td>\n",
       "      <td>0.571290</td>\n",
       "    </tr>\n",
       "    <tr>\n",
       "      <th>Room.Board</th>\n",
       "      <td>0.164939</td>\n",
       "      <td>0.090899</td>\n",
       "      <td>-0.040232</td>\n",
       "      <td>0.371480</td>\n",
       "      <td>0.331490</td>\n",
       "      <td>-0.068890</td>\n",
       "      <td>-0.061326</td>\n",
       "      <td>0.654256</td>\n",
       "      <td>1.000000</td>\n",
       "      <td>0.127963</td>\n",
       "      <td>-0.199428</td>\n",
       "      <td>0.329202</td>\n",
       "      <td>0.374540</td>\n",
       "      <td>-0.362628</td>\n",
       "      <td>0.272363</td>\n",
       "      <td>0.501739</td>\n",
       "      <td>0.424942</td>\n",
       "    </tr>\n",
       "    <tr>\n",
       "      <th>Books</th>\n",
       "      <td>0.132559</td>\n",
       "      <td>0.113525</td>\n",
       "      <td>0.112711</td>\n",
       "      <td>0.118858</td>\n",
       "      <td>0.115527</td>\n",
       "      <td>0.115550</td>\n",
       "      <td>0.081200</td>\n",
       "      <td>0.038855</td>\n",
       "      <td>0.127963</td>\n",
       "      <td>1.000000</td>\n",
       "      <td>0.179295</td>\n",
       "      <td>0.026906</td>\n",
       "      <td>0.099955</td>\n",
       "      <td>-0.031929</td>\n",
       "      <td>-0.040208</td>\n",
       "      <td>0.112409</td>\n",
       "      <td>0.001061</td>\n",
       "    </tr>\n",
       "    <tr>\n",
       "      <th>Personal</th>\n",
       "      <td>0.178731</td>\n",
       "      <td>0.200989</td>\n",
       "      <td>0.280929</td>\n",
       "      <td>-0.093316</td>\n",
       "      <td>-0.080810</td>\n",
       "      <td>0.317200</td>\n",
       "      <td>0.319882</td>\n",
       "      <td>-0.299087</td>\n",
       "      <td>-0.199428</td>\n",
       "      <td>0.179295</td>\n",
       "      <td>1.000000</td>\n",
       "      <td>-0.010936</td>\n",
       "      <td>-0.030613</td>\n",
       "      <td>0.136345</td>\n",
       "      <td>-0.285968</td>\n",
       "      <td>-0.097892</td>\n",
       "      <td>-0.269344</td>\n",
       "    </tr>\n",
       "    <tr>\n",
       "      <th>PhD</th>\n",
       "      <td>0.390697</td>\n",
       "      <td>0.355758</td>\n",
       "      <td>0.331469</td>\n",
       "      <td>0.531828</td>\n",
       "      <td>0.545862</td>\n",
       "      <td>0.318337</td>\n",
       "      <td>0.149114</td>\n",
       "      <td>0.382982</td>\n",
       "      <td>0.329202</td>\n",
       "      <td>0.026906</td>\n",
       "      <td>-0.010936</td>\n",
       "      <td>1.000000</td>\n",
       "      <td>0.849587</td>\n",
       "      <td>-0.130530</td>\n",
       "      <td>0.249009</td>\n",
       "      <td>0.432762</td>\n",
       "      <td>0.305038</td>\n",
       "    </tr>\n",
       "    <tr>\n",
       "      <th>Terminal</th>\n",
       "      <td>0.369491</td>\n",
       "      <td>0.337583</td>\n",
       "      <td>0.308274</td>\n",
       "      <td>0.491135</td>\n",
       "      <td>0.524749</td>\n",
       "      <td>0.300019</td>\n",
       "      <td>0.141904</td>\n",
       "      <td>0.407983</td>\n",
       "      <td>0.374540</td>\n",
       "      <td>0.099955</td>\n",
       "      <td>-0.030613</td>\n",
       "      <td>0.849587</td>\n",
       "      <td>1.000000</td>\n",
       "      <td>-0.160104</td>\n",
       "      <td>0.267130</td>\n",
       "      <td>0.438799</td>\n",
       "      <td>0.289527</td>\n",
       "    </tr>\n",
       "    <tr>\n",
       "      <th>S.F.Ratio</th>\n",
       "      <td>0.095633</td>\n",
       "      <td>0.176229</td>\n",
       "      <td>0.237271</td>\n",
       "      <td>-0.384875</td>\n",
       "      <td>-0.294629</td>\n",
       "      <td>0.279703</td>\n",
       "      <td>0.232531</td>\n",
       "      <td>-0.554821</td>\n",
       "      <td>-0.362628</td>\n",
       "      <td>-0.031929</td>\n",
       "      <td>0.136345</td>\n",
       "      <td>-0.130530</td>\n",
       "      <td>-0.160104</td>\n",
       "      <td>1.000000</td>\n",
       "      <td>-0.402929</td>\n",
       "      <td>-0.583832</td>\n",
       "      <td>-0.306710</td>\n",
       "    </tr>\n",
       "    <tr>\n",
       "      <th>perc.alumni</th>\n",
       "      <td>-0.090226</td>\n",
       "      <td>-0.159990</td>\n",
       "      <td>-0.180794</td>\n",
       "      <td>0.455485</td>\n",
       "      <td>0.417864</td>\n",
       "      <td>-0.229462</td>\n",
       "      <td>-0.280792</td>\n",
       "      <td>0.566262</td>\n",
       "      <td>0.272363</td>\n",
       "      <td>-0.040208</td>\n",
       "      <td>-0.285968</td>\n",
       "      <td>0.249009</td>\n",
       "      <td>0.267130</td>\n",
       "      <td>-0.402929</td>\n",
       "      <td>1.000000</td>\n",
       "      <td>0.417712</td>\n",
       "      <td>0.490898</td>\n",
       "    </tr>\n",
       "    <tr>\n",
       "      <th>Expend</th>\n",
       "      <td>0.259592</td>\n",
       "      <td>0.124717</td>\n",
       "      <td>0.064169</td>\n",
       "      <td>0.660913</td>\n",
       "      <td>0.527447</td>\n",
       "      <td>0.018652</td>\n",
       "      <td>-0.083568</td>\n",
       "      <td>0.672779</td>\n",
       "      <td>0.501739</td>\n",
       "      <td>0.112409</td>\n",
       "      <td>-0.097892</td>\n",
       "      <td>0.432762</td>\n",
       "      <td>0.438799</td>\n",
       "      <td>-0.583832</td>\n",
       "      <td>0.417712</td>\n",
       "      <td>1.000000</td>\n",
       "      <td>0.390343</td>\n",
       "    </tr>\n",
       "    <tr>\n",
       "      <th>Grad.Rate</th>\n",
       "      <td>0.146755</td>\n",
       "      <td>0.067313</td>\n",
       "      <td>-0.022341</td>\n",
       "      <td>0.494989</td>\n",
       "      <td>0.477281</td>\n",
       "      <td>-0.078773</td>\n",
       "      <td>-0.257001</td>\n",
       "      <td>0.571290</td>\n",
       "      <td>0.424942</td>\n",
       "      <td>0.001061</td>\n",
       "      <td>-0.269344</td>\n",
       "      <td>0.305038</td>\n",
       "      <td>0.289527</td>\n",
       "      <td>-0.306710</td>\n",
       "      <td>0.490898</td>\n",
       "      <td>0.390343</td>\n",
       "      <td>1.000000</td>\n",
       "    </tr>\n",
       "  </tbody>\n",
       "</table>\n",
       "</div>"
      ],
      "text/plain": [
       "                 Apps    Accept    Enroll  Top10perc  Top25perc  F.Undergrad  \\\n",
       "Apps         1.000000  0.943451  0.846822   0.338834   0.351640     0.814491   \n",
       "Accept       0.943451  1.000000  0.911637   0.192447   0.247476     0.874223   \n",
       "Enroll       0.846822  0.911637  1.000000   0.181294   0.226745     0.964640   \n",
       "Top10perc    0.338834  0.192447  0.181294   1.000000   0.891995     0.141289   \n",
       "Top25perc    0.351640  0.247476  0.226745   0.891995   1.000000     0.199445   \n",
       "F.Undergrad  0.814491  0.874223  0.964640   0.141289   0.199445     1.000000   \n",
       "P.Undergrad  0.398264  0.441271  0.513069  -0.105356  -0.053577     0.570512   \n",
       "Outstate     0.050159 -0.025755 -0.155477   0.562331   0.489394    -0.215742   \n",
       "Room.Board   0.164939  0.090899 -0.040232   0.371480   0.331490    -0.068890   \n",
       "Books        0.132559  0.113525  0.112711   0.118858   0.115527     0.115550   \n",
       "Personal     0.178731  0.200989  0.280929  -0.093316  -0.080810     0.317200   \n",
       "PhD          0.390697  0.355758  0.331469   0.531828   0.545862     0.318337   \n",
       "Terminal     0.369491  0.337583  0.308274   0.491135   0.524749     0.300019   \n",
       "S.F.Ratio    0.095633  0.176229  0.237271  -0.384875  -0.294629     0.279703   \n",
       "perc.alumni -0.090226 -0.159990 -0.180794   0.455485   0.417864    -0.229462   \n",
       "Expend       0.259592  0.124717  0.064169   0.660913   0.527447     0.018652   \n",
       "Grad.Rate    0.146755  0.067313 -0.022341   0.494989   0.477281    -0.078773   \n",
       "\n",
       "             P.Undergrad  Outstate  Room.Board     Books  Personal       PhD  \\\n",
       "Apps            0.398264  0.050159    0.164939  0.132559  0.178731  0.390697   \n",
       "Accept          0.441271 -0.025755    0.090899  0.113525  0.200989  0.355758   \n",
       "Enroll          0.513069 -0.155477   -0.040232  0.112711  0.280929  0.331469   \n",
       "Top10perc      -0.105356  0.562331    0.371480  0.118858 -0.093316  0.531828   \n",
       "Top25perc      -0.053577  0.489394    0.331490  0.115527 -0.080810  0.545862   \n",
       "F.Undergrad     0.570512 -0.215742   -0.068890  0.115550  0.317200  0.318337   \n",
       "P.Undergrad     1.000000 -0.253512   -0.061326  0.081200  0.319882  0.149114   \n",
       "Outstate       -0.253512  1.000000    0.654256  0.038855 -0.299087  0.382982   \n",
       "Room.Board     -0.061326  0.654256    1.000000  0.127963 -0.199428  0.329202   \n",
       "Books           0.081200  0.038855    0.127963  1.000000  0.179295  0.026906   \n",
       "Personal        0.319882 -0.299087   -0.199428  0.179295  1.000000 -0.010936   \n",
       "PhD             0.149114  0.382982    0.329202  0.026906 -0.010936  1.000000   \n",
       "Terminal        0.141904  0.407983    0.374540  0.099955 -0.030613  0.849587   \n",
       "S.F.Ratio       0.232531 -0.554821   -0.362628 -0.031929  0.136345 -0.130530   \n",
       "perc.alumni    -0.280792  0.566262    0.272363 -0.040208 -0.285968  0.249009   \n",
       "Expend         -0.083568  0.672779    0.501739  0.112409 -0.097892  0.432762   \n",
       "Grad.Rate      -0.257001  0.571290    0.424942  0.001061 -0.269344  0.305038   \n",
       "\n",
       "             Terminal  S.F.Ratio  perc.alumni    Expend  Grad.Rate  \n",
       "Apps         0.369491   0.095633    -0.090226  0.259592   0.146755  \n",
       "Accept       0.337583   0.176229    -0.159990  0.124717   0.067313  \n",
       "Enroll       0.308274   0.237271    -0.180794  0.064169  -0.022341  \n",
       "Top10perc    0.491135  -0.384875     0.455485  0.660913   0.494989  \n",
       "Top25perc    0.524749  -0.294629     0.417864  0.527447   0.477281  \n",
       "F.Undergrad  0.300019   0.279703    -0.229462  0.018652  -0.078773  \n",
       "P.Undergrad  0.141904   0.232531    -0.280792 -0.083568  -0.257001  \n",
       "Outstate     0.407983  -0.554821     0.566262  0.672779   0.571290  \n",
       "Room.Board   0.374540  -0.362628     0.272363  0.501739   0.424942  \n",
       "Books        0.099955  -0.031929    -0.040208  0.112409   0.001061  \n",
       "Personal    -0.030613   0.136345    -0.285968 -0.097892  -0.269344  \n",
       "PhD          0.849587  -0.130530     0.249009  0.432762   0.305038  \n",
       "Terminal     1.000000  -0.160104     0.267130  0.438799   0.289527  \n",
       "S.F.Ratio   -0.160104   1.000000    -0.402929 -0.583832  -0.306710  \n",
       "perc.alumni  0.267130  -0.402929     1.000000  0.417712   0.490898  \n",
       "Expend       0.438799  -0.583832     0.417712  1.000000   0.390343  \n",
       "Grad.Rate    0.289527  -0.306710     0.490898  0.390343   1.000000  "
      ]
     },
     "execution_count": 20,
     "metadata": {},
     "output_type": "execute_result"
    }
   ],
   "source": [
    "df.corr()"
   ]
  },
  {
   "cell_type": "markdown",
   "metadata": {},
   "source": [
    "2.3) Give 3 pairs of columns that are highly correlated? Give their correlation coefficients.\n",
    "\n",
    "Looking at the table above:\n",
    "\n",
    "    - Apps, Accept: 0.943451\n",
    "    - Accept, Enroll: 0.911637\n",
    "    - Enroll, F.Undergrad: 0.964640"
   ]
  },
  {
   "cell_type": "markdown",
   "metadata": {},
   "source": [
    "2.4) Give 3 column pairs that are not correlated? Give their correlation coefficients.\n",
    "\n",
    "    - Books, Grad Rate: 0.001061\n",
    "    - Expend, F.Undergrad: 0.018652\n",
    "    - PhD, Personal: -0.010936"
   ]
  },
  {
   "cell_type": "markdown",
   "metadata": {},
   "source": [
    "### 2.2 Boxplot\n",
    "\n",
    "Make a boxplot of private vs outstate colleges. It should look like:\n",
    "\n",
    "![](boxplort.png)"
   ]
  },
  {
   "cell_type": "code",
   "execution_count": 22,
   "metadata": {},
   "outputs": [
    {
     "data": {
      "text/plain": [
       "<matplotlib.axes._subplots.AxesSubplot at 0x1977753f430>"
      ]
     },
     "execution_count": 22,
     "metadata": {},
     "output_type": "execute_result"
    },
    {
     "data": {
