{
 "cells": [
  {
   "cell_type": "markdown",
   "metadata": {},
   "source": [
    "# Tennis points won\n",
    "\n",
    "In the `tennis.csv` files of games played by Federer.\n",
    "\n",
    "Does Federer score more total points than his opponent on average in a game?"
   ]
  },
  {
   "cell_type": "code",
   "execution_count": 1,
   "metadata": {},
   "outputs": [],
   "source": [
    "import numpy as np\n",
    "import matplotlib as mpl\n",
    "import matplotlib.pyplot as plt\n",
    "from  math import cos, pi\n",
    "import seaborn as sns\n",
    "import pandas as pd         \n",
    "from pandas_datareader import data\n",
    "import datetime as dt\n",
    "import gzip \n",
    "import seaborn as sns\n",
    "import json\n",
    "\n",
    "%matplotlib inline"
   ]
  },
  {
   "cell_type": "code",
   "execution_count": 2,
   "metadata": {},
   "outputs": [],
   "source": [
    "tennis = pd.read_csv('data/tennis.csv')"
   ]
  },
  {
   "cell_type": "code",
   "execution_count": 3,
   "metadata": {},
   "outputs": [],
   "source": [
    "Federer = tennis.groupby(['player1 name'])['player1 total points won'].mean()"
   ]
  },
  {
   "cell_type": "code",
   "execution_count": 4,
   "metadata": {},
   "outputs": [],
   "source": [
    "opponent = tennis.groupby(['player2 name'])['player2 total points won'].mean()"
   ]
  },
  {
   "cell_type": "code",
   "execution_count": 5,
   "metadata": {},
   "outputs": [
    {
     "output_type": "execute_result",
     "data": {
      "text/plain": [
       "86.86952288218112"
      ]
     },
     "metadata": {},
     "execution_count": 5
    }
   ],
   "source": [
    "Federer[0]#86.86    "
   ]
  },
  {
   "cell_type": "code",
   "execution_count": 6,
   "metadata": {},
   "outputs": [
    {
     "output_type": "execute_result",
     "data": {
      "text/plain": [
       "39.5"
      ]
     },
     "metadata": {},
     "execution_count": 6
    }
   ],
   "source": [
    "opponent[0]#39.5"
   ]
  },
  {
   "cell_type": "code",
   "execution_count": 7,
   "metadata": {},
   "outputs": [
    {
     "output_type": "execute_result",
     "data": {
      "text/plain": [
       "72.4342663273961"
      ]
     },
     "metadata": {},
     "execution_count": 7
    }
   ],
   "source": [
    "((tennis['player1 total points won'] > tennis['player2 total points won']).sum() / len(tennis['player1 total points won']))*100"
   ]
  },
  {
   "cell_type": "code",
   "execution_count": null,
   "metadata": {},
   "outputs": [],
   "source": [
    "#YES FEDERE'S AVERAGE POINT ARE HIGHR THEN THE OPPONENT ON 72% "
   ]
  },
  {
   "cell_type": "markdown",
   "metadata": {},
   "source": [
    "# 2. College correlations\n",
    "\n",
    "The `college.csv` filecontains a number of variables for 777 different universities and colleges in the US.\n",
    "\n",
    "### 2.1\n",
    "\n",
    "Use a scatterplot matrix to analyze the data and answer the following questions:\n",
    "\n",
    "1. Which columns are possibly from a normal distribution? Statistically test if this is the case (you'll find a function for it in `scipy.stats`). For each explain if it is or not normally distributed.\n",
    "\n",
    "2. Of the columns that aren't normally distributed, name which distribution could possibly fit them? (Use your research skills)\n",
    "\n",
    "3. Give 3 pairs of columns that are highly correlated? Give their correlation coefficients.\n",
    "\n",
    "4. Give 3 column pairs that are not correlated? Give their correlation coefficients."
   ]
  },
  {
   "cell_type": "code",
   "execution_count": null,
   "metadata": {},
   "outputs": [],
   "source": []
  },
  {
   "cell_type": "code",
   "execution_count": null,
   "metadata": {},
   "outputs": [],
   "source": [
    "#2.1.1\n",
    "    #Grad Rate is normally distributed, with a p-value 0.200 \n",
    "#2.1.2\n",
    "    #Enrol, Expand, F.undergrad are poisson distribution\n",
    "#2.1.3\n",
    "    # Accept Apps = 0.943451\n",
    "    # Enroll Accept = 0.911637\n",
    "    # Enroll F.undergrad = 0.964640\n",
    "#2.1.4\n",
    "    # Books GradRate = 0.001061\n",
    "    # FUndergrad Expend = 0.018652\n",
    "    # PHD Personal = 0.018652"
   ]
  },
  {
   "cell_type": "code",
   "execution_count": 59,
   "metadata": {},
   "outputs": [
    {
     "output_type": "stream",
     "name": "stdout",
     "text": [
      "\n"
     ]
    }
   ],
   "source": [
    "print()"
   ]
  },
  {
   "cell_type": "code",
   "execution_count": 56,
   "metadata": {},
   "outputs": [
    {
     "output_type": "execute_result",
     "data": {
      "text/plain": [
       "                 Apps    Accept    Enroll  Top10perc  Top25perc  F.Undergrad  \\\n",
       "Apps         1.000000  0.943451  0.846822   0.338834   0.351640     0.814491   \n",
       "Accept       0.943451  1.000000  0.911637   0.192447   0.247476     0.874223   \n",
       "Enroll       0.846822  0.911637  1.000000   0.181294   0.226745     0.964640   \n",
       "Top10perc    0.338834  0.192447  0.181294   1.000000   0.891995     0.141289   \n",
       "Top25perc    0.351640  0.247476  0.226745   0.891995   1.000000     0.199445   \n",
       "F.Undergrad  0.814491  0.874223  0.964640   0.141289   0.199445     1.000000   \n",
       "P.Undergrad  0.398264  0.441271  0.513069  -0.105356  -0.053577     0.570512   \n",
       "Outstate     0.050159 -0.025755 -0.155477   0.562331   0.489394    -0.215742   \n",
       "Room.Board   0.164939  0.090899 -0.040232   0.371480   0.331490    -0.068890   \n",
       "Books        0.132559  0.113525  0.112711   0.118858   0.115527     0.115550   \n",
       "Personal     0.178731  0.200989  0.280929  -0.093316  -0.080810     0.317200   \n",
       "PhD          0.390697  0.355758  0.331469   0.531828   0.545862     0.318337   \n",
       "Terminal     0.369491  0.337583  0.308274   0.491135   0.524749     0.300019   \n",
       "S.F.Ratio    0.095633  0.176229  0.237271  -0.384875  -0.294629     0.279703   \n",
       "perc.alumni -0.090226 -0.159990 -0.180794   0.455485   0.417864    -0.229462   \n",
       "Expend       0.259592  0.124717  0.064169   0.660913   0.527447     0.018652   \n",
       "Grad.Rate    0.146755  0.067313 -0.022341   0.494989   0.477281    -0.078773   \n",
       "\n",
       "             P.Undergrad  Outstate  Room.Board     Books  Personal       PhD  \\\n",
       "Apps            0.398264  0.050159    0.164939  0.132559  0.178731  0.390697   \n",
       "Accept          0.441271 -0.025755    0.090899  0.113525  0.200989  0.355758   \n",
       "Enroll          0.513069 -0.155477   -0.040232  0.112711  0.280929  0.331469   \n",
       "Top10perc      -0.105356  0.562331    0.371480  0.118858 -0.093316  0.531828   \n",
       "Top25perc      -0.053577  0.489394    0.331490  0.115527 -0.080810  0.545862   \n",
       "F.Undergrad     0.570512 -0.215742   -0.068890  0.115550  0.317200  0.318337   \n",
       "P.Undergrad     1.000000 -0.253512   -0.061326  0.081200  0.319882  0.149114   \n",
       "Outstate       -0.253512  1.000000    0.654256  0.038855 -0.299087  0.382982   \n",
       "Room.Board     -0.061326  0.654256    1.000000  0.127963 -0.199428  0.329202   \n",
       "Books           0.081200  0.038855    0.127963  1.000000  0.179295  0.026906   \n",
       "Personal        0.319882 -0.299087   -0.199428  0.179295  1.000000 -0.010936   \n",
       "PhD             0.149114  0.382982    0.329202  0.026906 -0.010936  1.000000   \n",
       "Terminal        0.141904  0.407983    0.374540  0.099955 -0.030613  0.849587   \n",
       "S.F.Ratio       0.232531 -0.554821   -0.362628 -0.031929  0.136345 -0.130530   \n",
       "perc.alumni    -0.280792  0.566262    0.272363 -0.040208 -0.285968  0.249009   \n",
       "Expend         -0.083568  0.672779    0.501739  0.112409 -0.097892  0.432762   \n",
       "Grad.Rate      -0.257001  0.571290    0.424942  0.001061 -0.269344  0.305038   \n",
       "\n",
       "             Terminal  S.F.Ratio  perc.alumni    Expend  Grad.Rate  \n",
       "Apps         0.369491   0.095633    -0.090226  0.259592   0.146755  \n",
       "Accept       0.337583   0.176229    -0.159990  0.124717   0.067313  \n",
       "Enroll       0.308274   0.237271    -0.180794  0.064169  -0.022341  \n",
       "Top10perc    0.491135  -0.384875     0.455485  0.660913   0.494989  \n",
       "Top25perc    0.524749  -0.294629     0.417864  0.527447   0.477281  \n",
       "F.Undergrad  0.300019   0.279703    -0.229462  0.018652  -0.078773  \n",
       "P.Undergrad  0.141904   0.232531    -0.280792 -0.083568  -0.257001  \n",
       "Outstate     0.407983  -0.554821     0.566262  0.672779   0.571290  \n",
       "Room.Board   0.374540  -0.362628     0.272363  0.501739   0.424942  \n",
       "Books        0.099955  -0.031929    -0.040208  0.112409   0.001061  \n",
       "Personal    -0.030613   0.136345    -0.285968 -0.097892  -0.269344  \n",
       "PhD          0.849587  -0.130530     0.249009  0.432762   0.305038  \n",
       "Terminal     1.000000  -0.160104     0.267130  0.438799   0.289527  \n",
       "S.F.Ratio   -0.160104   1.000000    -0.402929 -0.583832  -0.306710  \n",
       "perc.alumni  0.267130  -0.402929     1.000000  0.417712   0.490898  \n",
       "Expend       0.438799  -0.583832     0.417712  1.000000   0.390343  \n",
       "Grad.Rate    0.289527  -0.306710     0.490898  0.390343   1.000000  "
      ],
      "text/html": "<div>\n<style scoped>\n    .dataframe tbody tr th:only-of-type {\n        vertical-align: middle;\n    }\n\n    .dataframe tbody tr th {\n        vertical-align: top;\n    }\n\n    .dataframe thead th {\n        text-align: right;\n    }\n</style>\n<table border=\"1\" class=\"dataframe\">\n  <thead>\n    <tr style=\"text-align: right;\">\n      <th></th>\n      <th>Apps</th>\n      <th>Accept</th>\n      <th>Enroll</th>\n      <th>Top10perc</th>\n      <th>Top25perc</th>\n      <th>F.Undergrad</th>\n      <th>P.Undergrad</th>\n      <th>Outstate</th>\n      <th>Room.Board</th>\n      <th>Books</th>\n      <th>Personal</th>\n      <th>PhD</th>\n      <th>Terminal</th>\n      <th>S.F.Ratio</th>\n      <th>perc.alumni</th>\n      <th>Expend</th>\n      <th>Grad.Rate</th>\n    </tr>\n  </thead>\n  <tbody>\n    <tr>\n      <th>Apps</th>\n      <td>1.000000</td>\n      <td>0.943451</td>\n      <td>0.846822</td>\n      <td>0.338834</td>\n      <td>0.351640</td>\n      <td>0.814491</td>\n      <td>0.398264</td>\n      <td>0.050159</td>\n      <td>0.164939</td>\n      <td>0.132559</td>\n      <td>0.178731</td>\n      <td>0.390697</td>\n      <td>0.369491</td>\n      <td>0.095633</td>\n      <td>-0.090226</td>\n      <td>0.259592</td>\n      <td>0.146755</td>\n    </tr>\n    <tr>\n      <th>Accept</th>\n      <td>0.943451</td>\n      <td>1.000000</td>\n      <td>0.911637</td>\n      <td>0.192447</td>\n      <td>0.247476</td>\n      <td>0.874223</td>\n      <td>0.441271</td>\n      <td>-0.025755</td>\n      <td>0.090899</td>\n      <td>0.113525</td>\n      <td>0.200989</td>\n      <td>0.355758</td>\n      <td>0.337583</td>\n      <td>0.176229</td>\n      <td>-0.159990</td>\n      <td>0.124717</td>\n      <td>0.067313</td>\n    </tr>\n    <tr>\n      <th>Enroll</th>\n      <td>0.846822</td>\n      <td>0.911637</td>\n      <td>1.000000</td>\n      <td>0.181294</td>\n      <td>0.226745</td>\n      <td>0.964640</td>\n      <td>0.513069</td>\n      <td>-0.155477</td>\n      <td>-0.040232</td>\n      <td>0.112711</td>\n      <td>0.280929</td>\n      <td>0.331469</td>\n      <td>0.308274</td>\n      <td>0.237271</td>\n      <td>-0.180794</td>\n      <td>0.064169</td>\n      <td>-0.022341</td>\n    </tr>\n    <tr>\n      <th>Top10perc</th>\n      <td>0.338834</td>\n      <td>0.192447</td>\n      <td>0.181294</td>\n      <td>1.000000</td>\n      <td>0.891995</td>\n      <td>0.141289</td>\n      <td>-0.105356</td>\n      <td>0.562331</td>\n      <td>0.371480</td>\n      <td>0.118858</td>\n      <td>-0.093316</td>\n      <td>0.531828</td>\n      <td>0.491135</td>\n      <td>-0.384875</td>\n      <td>0.455485</td>\n      <td>0.660913</td>\n      <td>0.494989</td>\n    </tr>\n    <tr>\n      <th>Top25perc</th>\n      <td>0.351640</td>\n      <td>0.247476</td>\n      <td>0.226745</td>\n      <td>0.891995</td>\n      <td>1.000000</td>\n      <td>0.199445</td>\n      <td>-0.053577</td>\n      <td>0.489394</td>\n      <td>0.331490</td>\n      <td>0.115527</td>\n      <td>-0.080810</td>\n      <td>0.545862</td>\n      <td>0.524749</td>\n      <td>-0.294629</td>\n      <td>0.417864</td>\n      <td>0.527447</td>\n      <td>0.477281</td>\n    </tr>\n    <tr>\n      <th>F.Undergrad</th>\n      <td>0.814491</td>\n      <td>0.874223</td>\n      <td>0.964640</td>\n      <td>0.141289</td>\n      <td>0.199445</td>\n      <td>1.000000</td>\n      <td>0.570512</td>\n      <td>-0.215742</td>\n      <td>-0.068890</td>\n      <td>0.115550</td>\n      <td>0.317200</td>\n      <td>0.318337</td>\n      <td>0.300019</td>\n      <td>0.279703</td>\n      <td>-0.229462</td>\n      <td>0.018652</td>\n      <td>-0.078773</td>\n    </tr>\n    <tr>\n      <th>P.Undergrad</th>\n      <td>0.398264</td>\n      <td>0.441271</td>\n      <td>0.513069</td>\n      <td>-0.105356</td>\n      <td>-0.053577</td>\n      <td>0.570512</td>\n      <td>1.000000</td>\n      <td>-0.253512</td>\n      <td>-0.061326</td>\n      <td>0.081200</td>\n      <td>0.319882</td>\n      <td>0.149114</td>\n      <td>0.141904</td>\n      <td>0.232531</td>\n      <td>-0.280792</td>\n      <td>-0.083568</td>\n      <td>-0.257001</td>\n    </tr>\n    <tr>\n      <th>Outstate</th>\n      <td>0.050159</td>\n      <td>-0.025755</td>\n      <td>-0.155477</td>\n      <td>0.562331</td>\n      <td>0.489394</td>\n      <td>-0.215742</td>\n      <td>-0.253512</td>\n      <td>1.000000</td>\n      <td>0.654256</td>\n      <td>0.038855</td>\n      <td>-0.299087</td>\n      <td>0.382982</td>\n      <td>0.407983</td>\n      <td>-0.554821</td>\n      <td>0.566262</td>\n      <td>0.672779</td>\n      <td>0.571290</td>\n    </tr>\n    <tr>\n      <th>Room.Board</th>\n      <td>0.164939</td>\n      <td>0.090899</td>\n      <td>-0.040232</td>\n      <td>0.371480</td>\n      <td>0.331490</td>\n      <td>-0.068890</td>\n      <td>-0.061326</td>\n      <td>0.654256</td>\n      <td>1.000000</td>\n      <td>0.127963</td>\n      <td>-0.199428</td>\n      <td>0.329202</td>\n      <td>0.374540</td>\n      <td>-0.362628</td>\n      <td>0.272363</td>\n      <td>0.501739</td>\n      <td>0.424942</td>\n    </tr>\n    <tr>\n      <th>Books</th>\n      <td>0.132559</td>\n      <td>0.113525</td>\n      <td>0.112711</td>\n      <td>0.118858</td>\n      <td>0.115527</td>\n      <td>0.115550</td>\n      <td>0.081200</td>\n      <td>0.038855</td>\n      <td>0.127963</td>\n      <td>1.000000</td>\n      <td>0.179295</td>\n      <td>0.026906</td>\n      <td>0.099955</td>\n      <td>-0.031929</td>\n      <td>-0.040208</td>\n      <td>0.112409</td>\n      <td>0.001061</td>\n    </tr>\n    <tr>\n      <th>Personal</th>\n      <td>0.178731</td>\n      <td>0.200989</td>\n      <td>0.280929</td>\n      <td>-0.093316</td>\n      <td>-0.080810</td>\n      <td>0.317200</td>\n      <td>0.319882</td>\n      <td>-0.299087</td>\n      <td>-0.199428</td>\n      <td>0.179295</td>\n      <td>1.000000</td>\n      <td>-0.010936</td>\n      <td>-0.030613</td>\n      <td>0.136345</td>\n      <td>-0.285968</td>\n      <td>-0.097892</td>\n      <td>-0.269344</td>\n    </tr>\n    <tr>\n      <th>PhD</th>\n      <td>0.390697</td>\n      <td>0.355758</td>\n      <td>0.331469</td>\n      <td>0.531828</td>\n      <td>0.545862</td>\n      <td>0.318337</td>\n      <td>0.149114</td>\n      <td>0.382982</td>\n      <td>0.329202</td>\n      <td>0.026906</td>\n      <td>-0.010936</td>\n      <td>1.000000</td>\n      <td>0.849587</td>\n      <td>-0.130530</td>\n      <td>0.249009</td>\n      <td>0.432762</td>\n      <td>0.305038</td>\n    </tr>\n    <tr>\n      <th>Terminal</th>\n      <td>0.369491</td>\n      <td>0.337583</td>\n      <td>0.308274</td>\n      <td>0.491135</td>\n      <td>0.524749</td>\n      <td>0.300019</td>\n      <td>0.141904</td>\n      <td>0.407983</td>\n      <td>0.374540</td>\n      <td>0.099955</td>\n      <td>-0.030613</td>\n      <td>0.849587</td>\n      <td>1.000000</td>\n      <td>-0.160104</td>\n      <td>0.267130</td>\n      <td>0.438799</td>\n      <td>0.289527</td>\n    </tr>\n    <tr>\n      <th>S.F.Ratio</th>\n      <td>0.095633</td>\n      <td>0.176229</td>\n      <td>0.237271</td>\n      <td>-0.384875</td>\n      <td>-0.294629</td>\n      <td>0.279703</td>\n      <td>0.232531</td>\n      <td>-0.554821</td>\n      <td>-0.362628</td>\n      <td>-0.031929</td>\n      <td>0.136345</td>\n      <td>-0.130530</td>\n      <td>-0.160104</td>\n      <td>1.000000</td>\n      <td>-0.402929</td>\n      <td>-0.583832</td>\n      <td>-0.306710</td>\n    </tr>\n    <tr>\n      <th>perc.alumni</th>\n      <td>-0.090226</td>\n      <td>-0.159990</td>\n      <td>-0.180794</td>\n      <td>0.455485</td>\n      <td>0.417864</td>\n      <td>-0.229462</td>\n      <td>-0.280792</td>\n      <td>0.566262</td>\n      <td>0.272363</td>\n      <td>-0.040208</td>\n      <td>-0.285968</td>\n      <td>0.249009</td>\n      <td>0.267130</td>\n      <td>-0.402929</td>\n      <td>1.000000</td>\n      <td>0.417712</td>\n      <td>0.490898</td>\n    </tr>\n    <tr>\n      <th>Expend</th>\n      <td>0.259592</td>\n      <td>0.124717</td>\n      <td>0.064169</td>\n      <td>0.660913</td>\n      <td>0.527447</td>\n      <td>0.018652</td>\n      <td>-0.083568</td>\n      <td>0.672779</td>\n      <td>0.501739</td>\n      <td>0.112409</td>\n      <td>-0.097892</td>\n      <td>0.432762</td>\n      <td>0.438799</td>\n      <td>-0.583832</td>\n      <td>0.417712</td>\n      <td>1.000000</td>\n      <td>0.390343</td>\n    </tr>\n    <tr>\n      <th>Grad.Rate</th>\n      <td>0.146755</td>\n      <td>0.067313</td>\n      <td>-0.022341</td>\n      <td>0.494989</td>\n      <td>0.477281</td>\n      <td>-0.078773</td>\n      <td>-0.257001</td>\n      <td>0.571290</td>\n      <td>0.424942</td>\n      <td>0.001061</td>\n      <td>-0.269344</td>\n      <td>0.305038</td>\n      <td>0.289527</td>\n      <td>-0.306710</td>\n      <td>0.490898</td>\n      <td>0.390343</td>\n      <td>1.000000</td>\n    </tr>\n  </tbody>\n</table>\n</div>"
     },
     "metadata": {},
     "execution_count": 56
    }
   ],
   "source": [
    "college.corr()"
   ]
  },
  {
   "cell_type": "code",
   "execution_count": 51,
   "metadata": {},
   "outputs": [
    {
     "output_type": "error",
     "ename": "TypeError",
     "evalue": "_parse_args() missing 1 required positional argument: 'mu'",
     "traceback": [
      "\u001b[1;31m---------------------------------------------------------------------------\u001b[0m",
      "\u001b[1;31mTypeError\u001b[0m                                 Traceback (most recent call last)",
      "\u001b[1;32m<ipython-input-51-efc66375ace2>\u001b[0m in \u001b[0;36m<module>\u001b[1;34m\u001b[0m\n\u001b[0;32m      1\u001b[0m \u001b[0mscipy\u001b[0m\u001b[1;33m.\u001b[0m\u001b[0mstats\u001b[0m\u001b[1;33m.\u001b[0m\u001b[0mnormaltest\u001b[0m\u001b[1;33m(\u001b[0m\u001b[0mcollege\u001b[0m\u001b[1;33m[\u001b[0m\u001b[1;34m'Grad.Rate'\u001b[0m\u001b[1;33m]\u001b[0m\u001b[1;33m)\u001b[0m\u001b[1;33m\u001b[0m\u001b[1;33m\u001b[0m\u001b[0m\n\u001b[1;32m----> 2\u001b[1;33m \u001b[0mscipy\u001b[0m\u001b[1;33m.\u001b[0m\u001b[0mstats\u001b[0m\u001b[1;33m.\u001b[0m\u001b[0mpoisson\u001b[0m\u001b[1;33m.\u001b[0m\u001b[0mcdf\u001b[0m\u001b[1;33m(\u001b[0m\u001b[0mcollege\u001b[0m\u001b[1;33m[\u001b[0m\u001b[1;34m'Enroll'\u001b[0m\u001b[1;33m]\u001b[0m\u001b[1;33m)\u001b[0m\u001b[1;33m\u001b[0m\u001b[1;33m\u001b[0m\u001b[0m\n\u001b[0m",
      "\u001b[1;32m~\\anaconda3\\lib\\site-packages\\scipy\\stats\\_distn_infrastructure.py\u001b[0m in \u001b[0;36mcdf\u001b[1;34m(self, k, *args, **kwds)\u001b[0m\n\u001b[0;32m   3092\u001b[0m \u001b[1;33m\u001b[0m\u001b[0m\n\u001b[0;32m   3093\u001b[0m         \"\"\"\n\u001b[1;32m-> 3094\u001b[1;33m         \u001b[0margs\u001b[0m\u001b[1;33m,\u001b[0m \u001b[0mloc\u001b[0m\u001b[1;33m,\u001b[0m \u001b[0m_\u001b[0m \u001b[1;33m=\u001b[0m \u001b[0mself\u001b[0m\u001b[1;33m.\u001b[0m\u001b[0m_parse_args\u001b[0m\u001b[1;33m(\u001b[0m\u001b[1;33m*\u001b[0m\u001b[0margs\u001b[0m\u001b[1;33m,\u001b[0m \u001b[1;33m**\u001b[0m\u001b[0mkwds\u001b[0m\u001b[1;33m)\u001b[0m\u001b[1;33m\u001b[0m\u001b[1;33m\u001b[0m\u001b[0m\n\u001b[0m\u001b[0;32m   3095\u001b[0m         \u001b[0mk\u001b[0m\u001b[1;33m,\u001b[0m \u001b[0mloc\u001b[0m \u001b[1;33m=\u001b[0m \u001b[0mmap\u001b[0m\u001b[1;33m(\u001b[0m\u001b[0masarray\u001b[0m\u001b[1;33m,\u001b[0m \u001b[1;33m(\u001b[0m\u001b[0mk\u001b[0m\u001b[1;33m,\u001b[0m \u001b[0mloc\u001b[0m\u001b[1;33m)\u001b[0m\u001b[1;33m)\u001b[0m\u001b[1;33m\u001b[0m\u001b[1;33m\u001b[0m\u001b[0m\n\u001b[0;32m   3096\u001b[0m         \u001b[0margs\u001b[0m \u001b[1;33m=\u001b[0m \u001b[0mtuple\u001b[0m\u001b[1;33m(\u001b[0m\u001b[0mmap\u001b[0m\u001b[1;33m(\u001b[0m\u001b[0masarray\u001b[0m\u001b[1;33m,\u001b[0m \u001b[0margs\u001b[0m\u001b[1;33m)\u001b[0m\u001b[1;33m)\u001b[0m\u001b[1;33m\u001b[0m\u001b[1;33m\u001b[0m\u001b[0m\n",
      "\u001b[1;31mTypeError\u001b[0m: _parse_args() missing 1 required positional argument: 'mu'"
     ]
    }
   ],
   "source": [
    "\n",
    "scipy.stats.normaltest(college['Grad.Rate'])\n",
    "scipy.stats.poisson.cdf(college['Enroll'])"
   ]
  },
  {
   "cell_type": "code",
   "execution_count": 41,
   "metadata": {},
   "outputs": [
    {
     "output_type": "execute_result",
     "data": {
      "text/plain": [
       "[('Apps',\n",
       "  NormaltestResult(statistic=array([671.65167212]), pvalue=array([1.42132213e-146]))),\n",
       " ('Accept',\n",
       "  NormaltestResult(statistic=array([609.50702176]), pvalue=array([4.43845565e-133]))),\n",
       " ('Enroll',\n",
       "  NormaltestResult(statistic=array([460.83361031]), pvalue=array([8.53597201e-101]))),\n",
       " ('Top10perc',\n",
       "  NormaltestResult(statistic=array([196.97926198]), pvalue=array([1.68459976e-43]))),\n",
       " ('Top25perc',\n",
       "  NormaltestResult(statistic=array([28.76811146]), pvalue=array([5.6634878e-07]))),\n",
       " ('F.Undergrad',\n",
       "  NormaltestResult(statistic=array([439.83402918]), pvalue=array([3.099232e-96]))),\n",
       " ('P.Undergrad',\n",
       "  NormaltestResult(statistic=array([912.20355428]), pvalue=array([8.27018074e-199]))),\n",
       " ('Outstate',\n",
       "  NormaltestResult(statistic=array([39.10401776]), pvalue=array([3.22604508e-09]))),\n",
       " ('Room.Board',\n",
       "  NormaltestResult(statistic=array([28.35890067]), pvalue=array([6.94933043e-07]))),\n",
       " ('Books',\n",
       "  NormaltestResult(statistic=array([650.97247492]), pvalue=array([4.39666256e-142]))),\n",
       " ('Personal',\n",
       "  NormaltestResult(statistic=array([319.55550745]), pvalue=array([4.06820871e-70]))),\n",
       " ('PhD',\n",
       "  NormaltestResult(statistic=array([69.13035038]), pvalue=array([9.73946608e-16]))),\n",
       " ('Terminal',\n",
       "  NormaltestResult(statistic=array([70.30012251]), pvalue=array([5.42653189e-16]))),\n",
       " ('S.F.Ratio',\n",
       "  NormaltestResult(statistic=array([99.80643848]), pvalue=array([2.12474715e-22]))),\n",
       " ('perc.alumni',\n",
       "  NormaltestResult(statistic=array([41.88071]), pvalue=array([8.04858204e-10]))),\n",
       " ('Expend',\n",
       "  NormaltestResult(statistic=array([613.28248707]), pvalue=array([6.7204756e-134]))),\n",
       " ('Grad.Rate',\n",
       "  NormaltestResult(statistic=array([3.2117248]), pvalue=array([0.20071638])))]"
      ]
     },
     "metadata": {},
     "execution_count": 41
    }
   ],
   "source": [
    "import scipy.stats\n",
    "scipy.stats.normaltest(college['Grad.Rate'])\n",
    "results = []\n",
    "for i in range(2, len(list(college))):\n",
    "#     print(college.iloc[:,[i]])\n",
    "    scipy.stats.normaltest(college.iloc[:,[i]])\n",
    "    results.append((list(college)[i], scipy.stats.normaltest(college.iloc[:,[i]])))\n",
    "results"
   ]
  },
  {
   "cell_type": "code",
   "execution_count": 8,
   "metadata": {},
   "outputs": [],
   "source": [
    "college = pd.read_csv('data/college.csv')\n",
    "#print(list(college))\n",
    "college.rename(columns = {'Unnamed: 0':'College'}, inplace = True)"
   ]
  },
  {
   "cell_type": "code",
   "execution_count": null,
   "metadata": {},
   "outputs": [],
   "source": [
    "sns.pairplot(college)"
   ]
  },
  {
   "cell_type": "code",
   "execution_count": null,
   "metadata": {},
   "outputs": [],
   "source": [
    "pd.plotting.scatter_matrix(college, alpha=0.2, figsize=(20,20))"
   ]
  },
  {
   "cell_type": "code",
   "execution_count": 9,
   "metadata": {},
   "outputs": [],
   "source": [
    "college = pd.read_csv('data/college.csv')"
   ]
  },
  {
   "cell_type": "code",
   "execution_count": 10,
   "metadata": {},
   "outputs": [],
   "source": [
    "college.rename(columns = {'Unnamed: 0':'College'}, inplace = True)"
   ]
  },
  {
   "cell_type": "code",
   "execution_count": 42,
   "metadata": {},
   "outputs": [
    {
     "output_type": "execute_result",
     "data": {
      "text/plain": [
       "array([[<AxesSubplot:title={'center':'Apps'}>,\n",
       "        <AxesSubplot:title={'center':'Accept'}>,\n",
       "        <AxesSubplot:title={'center':'Enroll'}>,\n",
       "        <AxesSubplot:title={'center':'Top10perc'}>],\n",
       "       [<AxesSubplot:title={'center':'Top25perc'}>,\n",
       "        <AxesSubplot:title={'center':'F.Undergrad'}>,\n",
       "        <AxesSubplot:title={'center':'P.Undergrad'}>,\n",
       "        <AxesSubplot:title={'center':'Outstate'}>],\n",
       "       [<AxesSubplot:title={'center':'Room.Board'}>,\n",
       "        <AxesSubplot:title={'center':'Books'}>,\n",
       "        <AxesSubplot:title={'center':'Personal'}>,\n",
       "        <AxesSubplot:title={'center':'PhD'}>],\n",
       "       [<AxesSubplot:title={'center':'Terminal'}>,\n",
       "        <AxesSubplot:title={'center':'S.F.Ratio'}>,\n",
       "        <AxesSubplot:title={'center':'perc.alumni'}>,\n",
       "        <AxesSubplot:title={'center':'Expend'}>],\n",
       "       [<AxesSubplot:title={'center':'Grad.Rate'}>, <AxesSubplot:>,\n",
       "        <AxesSubplot:>, <AxesSubplot:>]], dtype=object)"
      ]
     },
     "metadata": {},
     "execution_count": 42
    },
    {
     "output_type": "display_data",
     "data": {
      "text/plain": "<Figure size 1440x1440 with 20 Axes>",
